  0.1243	  0.1243	 -0.0240	 -3.1681	  1.0000
  0.2487	  0.1243	 -0.0297	 -3.1683	  1.0000
  0.3730	  0.1243	 -0.0304	 -3.1713	  1.0000
  0.4973	  0.1243	 -0.0575	 -3.1739	  1.0000
  0.6216	  0.1243	 -0.0704	 -3.1755	  1.0000
  0.7460	  0.1243	 -0.2576	 -3.1973	  0.0000
  0.8703	  0.1243	 -0.1406	 -3.1983	  0.0000
  0.9946	  0.1243	 -0.0775	 -3.1792	  0.0000
  1.1189	  0.1243	 -0.1441	 -3.1592	  0.0000
  1.2433	  0.1243	 -0.1906	 -3.1214	  0.0000
  1.3676	  0.1243	  0.0363	 -3.0470	  1.0000
  1.4919	  0.1243	  0.0857	 -3.0098	  1.0000
  1.6162	  0.1243	  0.1308	 -2.9758	  1.0000
  1.7406	  0.1243	  0.1523	 -2.9455	  1.0000
  1.8649	  0.1243	  0.1782	 -2.9288	  1.0000
  1.9892	  0.1243	  0.1653	 -2.8944	  1.0000
  2.1136	  0.1243	  0.4456	 -3.0692	  0.0000
  2.2379	  0.1243	  0.0830	 -2.7975	  1.0000
  2.3622	  0.1243	  0.0252	 -2.7306	  1.0000
  2.4865	  0.1243	 -0.0601	 -2.6672	  1.0000
  2.6109	  0.1243	 -0.1079	 -2.6551	  1.0000
  2.7352	  0.1243	 -0.1341	 -2.6868	  1.0000
  2.8595	  0.1243	 -0.1339	 -2.7654	  1.0000
  2.9838	  0.1243	 -0.1163	 -2.8540	  1.0000
  3.1082	  0.1243	  0.0040	 -3.2313	  0.0000
  3.2325	  0.1243	  0.0851	 -3.1390	  0.0000
  3.3568	  0.1243	 -0.0726	 -3.0162	  1.0000
  3.4811	  0.1243	 -0.0701	 -3.1422	  0.0000
  3.6055	  0.1243	 -0.1259	 -3.0624	  0.0000
  3.7298	  0.1243	 -0.1224	 -2.9044	  0.0000
  3.8541	  0.1243	 -0.1479	 -2.8872	  0.0000
  3.9785	  0.1243	 -0.0206	 -3.0109	  0.0000
  4.1028	  0.1243	 -0.0522	 -3.0709	  0.0000
  4.2271	  0.1243	 -0.0987	 -2.8636	  1.0000
  4.3514	  0.1243	 -0.0954	 -2.8361	  1.0000
  4.4758	  0.1243	 -0.0769	 -2.6590	  0.0000
  4.6001	  0.1243	 -0.0468	 -2.8451	  1.0000
  4.7244	  0.1243	 -0.0205	 -2.8712	  1.0000
  4.8487	  0.1243	 -0.0027	 -2.8977	  1.0000
  4.9731	  0.1243	  0.0111	 -2.9138	  1.0000
  5.0974	  0.1243	  0.0019	 -2.8977	  1.0000
  0.1243	  0.2487	 -0.0202	 -3.1637	  1.0000
  0.2487	  0.2487	 -0.0247	 -3.1636	  1.0000
  0.3730	  0.2487	 -0.0254	 -3.1654	  1.0000
  0.4973	  0.2487	 -0.0458	 -3.1665	  1.0000
  0.6216	  0.2487	 -0.0552	 -3.1666	  1.0000
  0.7460	  0.2487	 -0.1680	 -3.1897	  0.0000
  0.8703	  0.2487	 -0.0857	 -3.1756	  0.0000
  0.9946	  0.2487	 -0.0544	 -3.1576	  0.0000
  1.1189	  0.2487	 -0.0702	 -3.1792	  0.0000
  1.2433	  0.2487	  0.0151	 -3.0729	  1.0000
  1.3676	  0.2487	  0.0526	 -3.0353	  1.0000
  1.4919	  0.2487	  0.0965	 -2.9987	  1.0000
  1.6162	  0.2487	  0.1350	 -2.9652	  1.0000
  1.7406	  0.2487	  0.1529	 -2.9353	  1.0000
  1.8649	  0.2487	  0.1702	 -2.9161	  1.0000
  1.9892	  0.2487	  0.1545	 -2.8831	  1.0000
  2.1136	  0.2487	  0.1211	 -2.8399	  1.0000
  2.2379	  0.2487	  0.0704	 -2.7915	  1.0000
  2.3622	  0.2487	  0.0100	 -2.7268	  1.0000
  2.4865	  0.2487	 -0.0770	 -2.6616	  1.0000
  2.6109	  0.2487	 -0.0727	 -2.5198	  0.0000
  2.7352	  0.2487	 -0.1649	 -2.6649	  1.0000
  2.8595	  0.2487	 -0.1683	 -2.7245	  1.0000
  2.9838	  0.2487	 -0.0590	 -3.0361	  0.0000
  3.1082	  0.2487	 -0.1075	 -3.0443	  0.0000
  3.2325	  0.2487	 -0.0914	 -2.9342	  1.0000
  3.3568	  0.2487	 -0.0758	 -2.9749	  1.0000
  3.4811	  0.2487	 -0.0728	 -2.9860	  1.0000
  3.6055	  0.2487	 -0.0876	 -2.9957	  1.0000
  3.7298	  0.2487	 -0.1905	 -2.9653	  0.0000
  3.8541	  0.2487	 -0.0923	 -2.9909	  1.0000
  3.9785	  0.2487	 -0.1047	 -2.9498	  1.0000
  4.1028	  0.2487	 -0.1172	 -2.8971	  1.0000
  4.2271	  0.2487	 -0.1115	 -2.8546	  1.0000
  4.3514	  0.2487	 -0.1054	 -2.8265	  1.0000
  4.4758	  0.2487	 -0.0809	 -2.8250	  1.0000
  4.6001	  0.2487	 -0.0590	 -2.8315	  1.0000
  4.7244	  0.2487	  0.1740	 -3.1649	  0.0000
  4.8487	  0.2487	 -0.0118	 -2.8820	  1.0000
  4.9731	  0.2487	  0.0015	 -2.8966	  1.0000
  5.0974	  0.2487	 -0.0034	 -2.8863	  1.0000
  0.1243	  0.3730	 -0.0156	 -3.1583	  1.0000
  0.2487	  0.3730	 -0.0190	 -3.1578	  1.0000
  0.3730	  0.3730	 -0.0193	 -3.1586	  1.0000
  0.4973	  0.3730	 -0.0349	 -3.1583	  1.0000
  0.6216	  0.3730	  0.0270	 -3.2024	  0.0000
  0.7460	  0.3730	 -0.0434	 -3.1556	  1.0000
  0.8703	  0.3730	 -0.0424	 -3.1513	  1.0000
  0.9946	  0.3730	 -0.0371	 -3.1310	  1.0000
  1.1189	  0.3730	 -0.0021	 -3.1018	  1.0000
  1.2433	  0.3730	  0.0329	 -3.0659	  1.0000
  1.3676	  0.3730	  0.0696	 -3.0238	  1.0000
  1.4919	  0.3730	  0.1103	 -2.9827	  1.0000
  1.6162	  0.3730	  0.1442	 -2.9501	  1.0000
  1.7406	  0.3730	  0.2085	 -2.9976	  0.0000
  1.8649	  0.3730	  0.1683	 -2.9035	  1.0000
  1.9892	  0.3730	  0.1492	 -2.8737	  1.0000
  2.1136	  0.3730	  0.1133	 -2.8347	  1.0000
  2.2379	  0.3730	  0.0612	 -2.7899	  1.0000
  2.3622	  0.3730	  0.0006	 -2.7311	  1.0000
  2.4865	  0.3730	 -0.0894	 -2.6647	  1.0000
  2.6109	  0.3730	 -0.1995	 -2.4762	  0.0000
  2.7352	  0.3730	 -0.2875	 -2.4423	  0.0000
  2.8595	  0.3730	 -0.1838	 -2.7100	  1.0000
  2.9838	  0.3730	 -0.1688	 -2.7752	  1.0000
  3.1082	  0.3730	 -0.1108	 -2.8960	  0.0000
  3.2325	  0.3730	 -0.1088	 -2.9078	  1.0000
  3.3568	  0.3730	 -0.0922	 -2.9506	  1.0000
  3.4811	  0.3730	 -0.0786	 -2.9721	  1.0000
  3.6055	  0.3730	 -0.0829	 -2.9904	  1.0000
  3.7298	  0.3730	 -0.0565	 -3.0951	  0.0000
  3.8541	  0.3730	 -0.1738	 -3.0258	  0.0000
  3.9785	  0.3730	 -0.0986	 -2.9511	  1.0000
  4.1028	  0.3730	 -0.1222	 -2.8926	  1.0000
  4.2271	  0.3730	 -0.1295	 -2.8411	  1.0000
  4.3514	  0.3730	 -0.1713	 -2.6601	  0.0000
  4.4758	  0.3730	 -0.1023	 -2.8031	  1.0000
  4.6001	  0.3730	 -0.0777	 -2.8092	  1.0000
  4.7244	  0.3730	 -0.0455	 -2.8373	  1.0000
  4.8487	  0.3730	 -0.0205	 -2.8644	  1.0000
  4.9731	  0.3730	 -0.0078	 -2.8779	  1.0000
  5.0974	  0.3730	 -0.0103	 -2.8713	  1.0000
  0.1243	  0.4973	 -0.0073	 -3.1475	  1.0000
  0.2487	  0.4973	 -0.0089	 -3.1462	  1.0000
  0.3730	  0.4973	 -0.0073	 -3.1460	  1.0000
  0.4973	  0.4973	 -0.0124	 -3.1430	  1.0000
  0.6216	  0.4973	 -0.0126	 -3.1381	  1.0000
  0.7460	  0.4973	 -0.0099	 -3.1326	  1.0000
  0.8703	  0.4973	 -0.0057	 -3.1285	  1.0000
  0.9946	  0.4973	  0.0066	 -3.1059	  1.0000
  1.1189	  0.4973	  0.0351	 -3.0756	  1.0000
  1.2433	  0.4973	  0.0666	 -3.0395	  1.0000
  1.3676	  0.4973	  0.0993	 -2.9992	  1.0000
  1.4919	  0.4973	  0.1349	 -2.9568	  1.0000
  1.6162	  0.4973	  0.1574	 -2.9262	  1.0000
  1.7406	  0.4973	  0.1642	 -2.9019	  1.0000
  1.8649	  0.4973	  0.1547	 -2.8801	  1.0000
  1.9892	  0.4973	  0.1304	 -2.8560	  1.0000
  2.1136	  0.4973	  0.0908	 -2.8231	  1.0000
  2.2379	  0.4973	  0.0375	 -2.7849	  1.0000
  2.3622	  0.4973	 -0.0233	 -2.7303	  1.0000
  2.4865	  0.4973	 -0.1009	 -2.6733	  1.0000
  2.6109	  0.4973	 -0.2009	 -2.5659	  0.0000
  2.7352	  0.4973	 -0.3650	 -2.4699	  0.0000
  2.8595	  0.4973	 -0.4216	 -2.5570	  0.0000
  2.9838	  0.4973	 -0.2010	 -2.7304	  1.0000
  3.1082	  0.4973	 -0.1684	 -2.6865	  0.0000
  3.2325	  0.4973	 -0.0699	 -2.7585	  0.0000
  3.3568	  0.4973	 -0.1093	 -2.7880	  0.0000
  3.4811	  0.4973	 -0.1426	 -2.8628	  0.0000
  3.6055	  0.4973	  0.0623	 -3.1602	  0.0000
  3.7298	  0.4973	  0.0478	 -3.1147	  0.0000
  3.8541	  0.4973	 -0.0680	 -3.0294	  0.0000
  3.9785	  0.4973	 -0.1570	 -2.9455	  0.0000
  4.1028	  0.4973	 -0.1355	 -2.8777	  1.0000
  4.2271	  0.4973	 -0.1442	 -2.8240	  1.0000
  4.3514	  0.4973	 -0.2025	 -2.7003	  0.0000
  4.4758	  0.4973	 -0.1119	 -2.7890	  1.0000
  4.6001	  0.4973	 -0.0873	 -2.7919	  1.0000
  4.7244	  0.4973	 -0.0559	 -2.8169	  1.0000
  4.8487	  0.4973	 -0.0319	 -2.8387	  1.0000
  4.9731	  0.4973	 -0.0194	 -2.8511	  1.0000
  5.0974	  0.4973	 -0.0222	 -2.8439	  1.0000
  0.1243	  0.6216	  0.0019	 -3.1343	  1.0000
  0.2487	  0.6216	  0.0018	 -3.1323	  1.0000
  0.3730	  0.6216	  0.0052	 -3.1310	  1.0000
  0.4973	  0.6216	  0.0074	 -3.1251	  1.0000
  0.6216	  0.6216	  0.0118	 -3.1168	  1.0000
  0.7460	  0.6216	  0.0195	 -3.1070	  1.0000
  0.8703	  0.6216	  0.0291	 -3.0967	  1.0000
  0.9946	  0.6216	  0.0297	 -3.1842	  0.0000
  1.1189	  0.6216	  0.0568	 -3.1581	  0.0000
  1.2433	  0.6216	  0.1020	 -2.9971	  1.0000
  1.3676	  0.6216	  0.1418	 -2.9482	  1.0000
  1.4919	  0.6216	  0.1812	 -2.9027	  1.0000
  1.6162	  0.6216	  0.1925	 -2.8824	  1.0000
  1.7406	  0.6216	  0.1916	 -2.8639	  1.0000
  1.8649	  0.6216	  0.1748	 -2.8494	  1.0000
  1.9892	  0.6216	  0.1339	 -2.8436	  1.0000
  2.1136	  0.6216	  0.0798	 -2.8276	  1.0000
  2.2379	  0.6216	  0.0269	 -2.7972	  1.0000
  2.3622	  0.6216	 -0.0342	 -2.7530	  1.0000
  2.4865	  0.6216	 -0.1095	 -2.6977	  1.0000
  2.6109	  0.6216	 -0.1671	 -2.6683	  1.0000
  2.7352	  0.6216	 -0.4222	 -2.4718	  0.0000
  2.8595	  0.6216	 -0.2228	 -2.6676	  1.0000
  2.9838	  0.6216	 -0.2216	 -2.6997	  1.0000
  3.1082	  0.6216	 -0.1962	 -2.7566	  1.0000
  3.2325	  0.6216	 -0.1844	 -2.7752	  0.0000
  3.3568	  0.6216	 -0.1580	 -2.8613	  1.0000
  3.4811	  0.6216	 -0.1290	 -2.9177	  1.0000
  3.6055	  0.6216	 -0.1188	 -2.9567	  1.0000
  3.7298	  0.6216	  0.0814	 -3.0709	  0.0000
  3.8541	  0.6216	  0.0042	 -3.0389	  0.0000
  3.9785	  0.6216	 -0.0813	 -3.0276	  0.0000
  4.1028	  0.6216	 -0.1494	 -2.8652	  1.0000
  4.2271	  0.6216	 -0.2254	 -2.7797	  0.0000
  4.3514	  0.6216	 -0.2587	 -2.6609	  0.0000
  4.4758	  0.6216	 -0.2937	 -2.5999	  0.0000
  4.6001	  0.6216	 -0.0988	 -2.7545	  1.0000
  4.7244	  0.6216	 -0.0684	 -2.7759	  1.0000
  4.8487	  0.6216	 -0.0510	 -2.7977	  1.0000
  4.9731	  0.6216	 -0.0411	 -2.8056	  1.0000
  5.0974	  0.6216	 -0.0344	 -2.8124	  1.0000
  0.1243	  0.7460	  0.0113	 -3.1188	  1.0000
  0.2487	  0.7460	  0.0126	 -3.1161	  1.0000
  0.3730	  0.7460	  0.0146	 -3.1122	  1.0000
  0.4973	  0.7460	  0.0194	 -3.1041	  1.0000
  0.6216	  0.7460	  0.0271	 -3.0926	  1.0000
  0.7460	  0.7460	  0.0394	 -3.0785	  1.0000
  0.8703	  0.7460	  0.0576	 -3.0561	  1.0000
  0.9946	  0.7460	  0.0880	 -3.0154	  1.0000
  1.1189	  0.7460	  0.0150	 -3.0939	  0.0000
  1.2433	  0.7460	  0.0797	 -2.9822	  0.0000
  1.3676	  0.7460	  0.1734	 -2.9018	  1.0000
  1.4919	  0.7460	  0.1985	 -2.8670	  1.0000
  1.6162	  0.7460	  0.1944	 -2.8607	  1.0000
  1.7406	  0.7460	  0.1859	 -2.8498	  1.0000
  1.8649	  0.7460	  0.1627	 -2.8435	  1.0000
  1.9892	  0.7460	  0.1188	 -2.8455	  1.0000
  2.1136	  0.7460	  0.0659	 -2.8402	  1.0000
  2.2379	  0.7460	  0.0181	 -2.8212	  1.0000
  2.3622	  0.7460	 -0.0367	 -2.7891	  1.0000
  2.4865	  0.7460	 -0.1034	 -2.7439	  1.0000
  2.6109	  0.7460	 -0.1589	 -2.7106	  1.0000
  2.7352	  0.7460	 -0.1972	 -2.6927	  1.0000
  2.8595	  0.7460	 -0.2253	 -2.6775	  1.0000
  2.9838	  0.7460	 -0.2339	 -2.6899	  1.0000
  3.1082	  0.7460	 -0.2212	 -2.7269	  1.0000
  3.2325	  0.7460	 -0.2173	 -2.7729	  1.0000
  3.3568	  0.7460	 -0.2021	 -2.8238	  1.0000
  3.4811	  0.7460	 -0.1743	 -2.8851	  1.0000
  3.6055	  0.7460	 -0.1603	 -2.9247	  1.0000
  3.7298	  0.7460	 -0.0627	 -2.9938	  0.0000
  3.8541	  0.7460	 -0.1399	 -2.9465	  1.0000
  3.9785	  0.7460	 -0.1444	 -2.9141	  1.0000
  4.1028	  0.7460	 -0.1624	 -2.8599	  1.0000
  4.2271	  0.7460	 -0.1571	 -2.8082	  1.0000
  4.3514	  0.7460	 -0.1417	 -2.7656	  1.0000
  4.4758	  0.7460	 -0.1024	 -2.6649	  0.0000
  4.6001	  0.7460	 -0.0988	 -2.7409	  1.0000
  4.7244	  0.7460	 -0.0725	 -2.7517	  1.0000
  4.8487	  0.7460	 -0.0599	 -2.7676	  1.0000
  4.9731	  0.7460	 -0.0516	 -2.7731	  1.0000
  5.0974	  0.7460	 -0.0462	 -2.7783	  1.0000
  0.1243	  0.8703	  0.0198	 -3.1019	  1.0000
  0.2487	  0.8703	  0.0216	 -3.0991	  1.0000
  0.3730	  0.8703	  0.0243	 -3.0946	  1.0000
  0.4973	  0.8703	  0.0306	 -3.0852	  1.0000
  0.6216	  0.8703	  0.0404	 -3.0712	  1.0000
  0.7460	  0.8703	  0.0559	 -3.0532	  1.0000
  0.8703	  0.8703	  0.0764	 -3.0271	  1.0000
  0.9946	  0.8703	  0.1178	 -2.9771	  1.0000
  1.1189	  0.8703	  0.1420	 -2.9431	  1.0000
  1.2433	  0.8703	  0.2680	 -2.7526	  0.0000
  1.3676	  0.8703	  0.1908	 -2.8711	  1.0000
  1.4919	  0.8703	  0.2075	 -2.8440	  1.0000
  1.6162	  0.8703	  0.4907	 -2.5732	  0.0000
  1.7406	  0.8703	  0.4684	 -2.6222	  0.0000
  1.8649	  0.8703	  0.1436	 -2.8545	  1.0000
  1.9892	  0.8703	  0.1002	 -2.8646	  1.0000
  2.1136	  0.8703	  0.0504	 -2.8669	  1.0000
  2.2379	  0.8703	  0.0069	 -2.8584	  1.0000
  2.3622	  0.8703	 -0.0398	 -2.8330	  1.0000
  2.4865	  0.8703	 -0.0946	 -2.7945	  1.0000
  2.6109	  0.8703	 -0.1386	 -2.7608	  1.0000
  2.7352	  0.8703	 -0.1772	 -2.7330	  1.0000
  2.8595	  0.8703	 -0.2088	 -2.7050	  1.0000
  2.9838	  0.8703	 -0.2300	 -2.7042	  1.0000
  3.1082	  0.8703	 -0.2354	 -2.7297	  1.0000
  3.2325	  0.8703	 -0.2507	 -2.7681	  1.0000
  3.3568	  0.8703	 -0.2501	 -2.8068	  1.0000
  3.4811	  0.8703	 -0.3113	 -2.9570	  0.0000
  3.6055	  0.8703	 -0.2313	 -2.9027	  1.0000
  3.7298	  0.8703	 -0.2194	 -2.9266	  1.0000
  3.8541	  0.8703	 -0.1984	 -2.9163	  1.0000
  3.9785	  0.8703	 -0.1883	 -2.8955	  1.0000
  4.1028	  0.8703	 -0.1812	 -2.8476	  1.0000
  4.2271	  0.8703	 -0.1628	 -2.7949	  1.0000
  4.3514	  0.8703	 -0.1438	 -2.7528	  1.0000
  4.4758	  0.8703	  0.0267	 -2.6752	  0.0000
  4.6001	  0.8703	 -0.0997	 -2.7213	  1.0000
  4.7244	  0.8703	 -0.0782	 -2.7237	  1.0000
  4.8487	  0.8703	 -0.0673	 -2.7365	  1.0000
  4.9731	  0.8703	 -0.0604	 -2.7397	  1.0000
  5.0974	  0.8703	 -0.0562	 -2.7435	  1.0000
  0.1243	  0.9946	  0.0266	 -3.0835	  1.0000
  0.2487	  0.9946	  0.0284	 -3.0808	  1.0000
  0.3730	  0.9946	  0.0301	 -3.0778	  1.0000
  0.4973	  0.9946	  0.0368	 -3.0679	  1.0000
  0.6216	  0.9946	  0.0473	 -3.0523	  1.0000
  0.7460	  0.9946	  0.0648	 -3.0276	  1.0000
  0.8703	  0.9946	  0.0866	 -2.9948	  1.0000
  0.9946	  0.9946	  0.1282	 -2.9428	  1.0000
  1.1189	  0.9946	  0.2855	 -2.7095	  0.0000
  1.2433	  0.9946	  0.3545	 -2.6913	  0.0000
  1.3676	  0.9946	  0.1782	 -2.8589	  1.0000
  1.4919	  0.9946	  0.1834	 -2.8467	  1.0000
  1.6162	  0.9946	  0.1519	 -2.8659	  1.0000
  1.7406	  0.9946	  0.1313	 -2.8735	  1.0000
  1.8649	  0.9946	  0.1065	 -2.8825	  1.0000
  1.9892	  0.9946	  0.0688	 -2.8975	  1.0000
  2.1136	  0.9946	  0.0276	 -2.9038	  1.0000
  2.2379	  0.9946	 -0.0053	 -2.8981	  1.0000
  2.3622	  0.9946	 -0.0422	 -2.8734	  1.0000
  2.4865	  0.9946	 -0.0224	 -2.9266	  0.0000
  2.6109	  0.9946	 -0.1225	 -2.8005	  1.0000
  2.7352	  0.9946	 -0.1614	 -2.7629	  1.0000
  2.8595	  0.9946	 -0.1980	 -2.7216	  1.0000
  2.9838	  0.9946	 -0.2271	 -2.7082	  1.0000
  3.1082	  0.9946	 -0.2997	 -2.5563	  0.0000
  3.2325	  0.9946	 -0.2768	 -2.7411	  1.0000
  3.3568	  0.9946	 -0.2851	 -2.7728	  1.0000
  3.4811	  0.9946	 -0.4238	 -2.8526	  0.0000
  3.6055	  0.9946	 -0.2868	 -2.8562	  1.0000
  3.7298	  0.9946	 -0.2752	 -2.8780	  1.0000
  3.8541	  0.9946	 -0.2479	 -2.8719	  1.0000
  3.9785	  0.9946	 -0.2800	 -3.0101	  0.0000
  4.1028	  0.9946	 -0.1979	 -2.8230	  1.0000
  4.2271	  0.9946	 -0.1600	 -2.7836	  1.0000
  4.3514	  0.9946	 -0.1334	 -2.7477	  1.0000
  4.4758	  0.9946	 -0.0372	 -2.7819	  0.0000
  4.6001	  0.9946	 -0.0898	 -2.7109	  1.0000
  4.7244	  0.9946	 -0.0743	 -2.7054	  1.0000
  4.8487	  0.9946	 -0.0717	 -2.7088	  1.0000
  4.9731	  0.9946	 -0.0658	 -2.7098	  1.0000
  5.0974	  0.9946	 -0.0623	 -2.7121	  1.0000
  0.1243	  1.1189	  0.0316	 -3.0635	  1.0000
  0.2487	  1.1189	  0.0332	 -3.0613	  1.0000
  0.3730	  1.1189	  0.0355	 -3.0614	  1.0000
  0.4973	  1.1189	  0.0397	 -3.0561	  1.0000
  0.6216	  1.1189	  0.0495	 -3.0408	  1.0000
  0.7460	  1.1189	  0.0658	 -3.0166	  1.0000
  0.8703	  1.1189	  0.0895	 -2.9803	  1.0000
  0.9946	  1.1189	  0.1294	 -2.9264	  1.0000
  1.1189	  1.1189	  0.1460	 -2.8956	  1.0000
  1.2433	  1.1189	  0.4072	 -2.7122	  0.0000
  1.3676	  1.1189	  0.1570	 -2.8601	  1.0000
  1.4919	  1.1189	  0.1337	 -2.8703	  1.0000
  1.6162	  1.1189	  0.0925	 -2.8997	  1.0000
  1.7406	  1.1189	  0.0693	 -2.9138	  1.0000
  1.8649	  1.1189	  0.0499	 -2.9321	  1.0000
  1.9892	  1.1189	  0.0211	 -2.9584	  1.0000
  2.1136	  1.1189	  0.0068	 -2.9646	  1.0000
  2.2379	  1.1189	 -0.0143	 -2.9589	  1.0000
  2.3622	  1.1189	 -0.0405	 -2.9324	  1.0000
  2.4865	  1.1189	 -0.1015	 -2.9850	  0.0000
  2.6109	  1.1189	 -0.1130	 -2.8349	  1.0000
  2.7352	  1.1189	 -0.1535	 -2.7806	  1.0000
  2.8595	  1.1189	 -0.1896	 -2.7202	  1.0000
  2.9838	  1.1189	 -0.2270	 -2.6864	  1.0000
  3.1082	  1.1189	 -0.2590	 -2.6795	  1.0000
  3.2325	  1.1189	 -0.2947	 -2.6968	  1.0000
  3.3568	  1.1189	 -0.3504	 -2.8093	  0.0000
  3.4811	  1.1189	 -0.3928	 -2.8361	  0.0000
  3.6055	  1.1189	 -0.3288	 -2.8104	  1.0000
  3.7298	  1.1189	 -0.5136	 -2.9831	  0.0000
  3.8541	  1.1189	 -0.3990	 -2.9655	  0.0000
  3.9785	  1.1189	 -0.2544	 -2.8204	  1.0000
  4.1028	  1.1189	 -0.2142	 -2.7932	  1.0000
  4.2271	  1.1189	 -0.1692	 -2.7619	  1.0000
  4.3514	  1.1189	 -0.1376	 -2.7260	  1.0000
  4.4758	  1.1189	 -0.1141	 -2.7003	  1.0000
  4.6001	  1.1189	 -0.0938	 -2.6851	  1.0000
  4.7244	  1.1189	 -0.0786	 -2.6775	  1.0000
  4.8487	  1.1189	 -0.0759	 -2.6760	  1.0000
  4.9731	  1.1189	 -0.0706	 -2.6779	  1.0000
  5.0974	  1.1189	 -0.0631	 -2.6838	  1.0000
  0.1243	  1.2433	  0.0349	 -3.0410	  1.0000
  0.2487	  1.2433	  0.0360	 -3.0395	  1.0000
  0.3730	  1.2433	  0.0378	 -3.0404	  1.0000
  0.4973	  1.2433	  0.0408	 -3.0361	  1.0000
  0.6216	  1.2433	  0.0206	 -3.0642	  0.0000
  0.7460	  1.2433	  0.0619	 -3.0008	  1.0000
  0.8703	  1.2433	  0.0815	 -2.9680	  1.0000
  0.9946	  1.2433	  0.1119	 -2.9254	  1.0000
  1.1189	  1.2433	  0.1211	 -2.9020	  1.0000
  1.2433	  1.2433	  0.1178	 -2.8923	  1.0000
  1.3676	  1.2433	  0.0940	 -2.8993	  1.0000
  1.4919	  1.2433	  0.0381	 -2.9322	  1.0000
  1.6162	  1.2433	 -0.0038	 -2.9620	  1.0000
  1.7406	  1.2433	 -0.0280	 -2.9816	  1.0000
  1.8649	  1.2433	 -0.0437	 -3.0011	  1.0000
  1.9892	  1.2433	 -0.0430	 -3.0148	  1.0000
  2.1136	  1.2433	 -0.0158	 -3.0085	  1.0000
  2.2379	  1.2433	 -0.0251	 -3.0002	  1.0000
  2.3622	  1.2433	 -0.0403	 -2.9681	  1.0000
  2.4865	  1.2433	 -0.0662	 -2.9198	  1.0000
  2.6109	  1.2433	 -0.1022	 -2.8555	  1.0000
  2.7352	  1.2433	 -0.1488	 -2.7889	  1.0000
  2.8595	  1.2433	 -0.1894	 -2.7180	  1.0000
  2.9838	  1.2433	 -0.2364	 -2.6682	  1.0000
  3.1082	  1.2433	 -0.2805	 -2.6461	  1.0000
  3.2325	  1.2433	 -0.3194	 -2.6490	  1.0000
  3.3568	  1.2433	 -0.3404	 -2.6646	  1.0000
  3.4811	  1.2433	 -0.3613	 -2.7082	  1.0000
  3.6055	  1.2433	 -0.3578	 -2.7500	  1.0000
  3.7298	  1.2433	 -0.3386	 -2.7768	  1.0000
  3.8541	  1.2433	 -0.3048	 -2.7817	  1.0000
  3.9785	  1.2433	 -0.2706	 -2.7782	  1.0000
  4.1028	  1.2433	 -0.2247	 -2.7581	  1.0000
  4.2271	  1.2433	 -0.1796	 -2.7353	  1.0000
  4.3514	  1.2433	 -0.1426	 -2.7009	  1.0000
  4.4758	  1.2433	 -0.1175	 -2.6757	  1.0000
  4.6001	  1.2433	 -0.0981	 -2.6631	  1.0000
  4.7244	  1.2433	 -0.0824	 -2.6543	  1.0000
  4.8487	  1.2433	 -0.0737	 -2.6496	  1.0000
  4.9731	  1.2433	 -0.0698	 -2.6545	  1.0000
  5.0974	  1.2433	 -0.0617	 -2.6633	  1.0000
  0.1243	  1.3676	  0.0369	 -3.0153	  1.0000
  0.2487	  1.3676	  0.0375	 -3.0146	  1.0000
  0.3730	  1.3676	  0.0385	 -3.0165	  1.0000
  0.4973	  1.3676	  0.0399	 -3.0141	  1.0000
  0.6216	  1.3676	  0.0654	 -3.0766	  0.0000
  0.7460	  1.3676	  0.0039	 -3.0922	  0.0000
  0.8703	  1.3676	  0.0649	 -2.9613	  1.0000
  0.9946	  1.3676	  0.0819	 -2.9330	  1.0000
  1.1189	  1.3676	  0.0843	 -2.9181	  1.0000
  1.2433	  1.3676	  0.0729	 -2.9177	  1.0000
  1.3676	  1.3676	  0.0421	 -2.9379	  1.0000
  1.4919	  1.3676	 -0.0129	 -2.9688	  1.0000
  1.6162	  1.3676	 -0.0493	 -2.9951	  1.0000
  1.7406	  1.3676	 -0.4508	 -3.2327	  0.0000
  1.8649	  1.3676	 -0.0809	 -3.0332	  1.0000
  1.9892	  1.3676	 -0.0735	 -3.0437	  1.0000
  2.1136	  1.3676	 -0.0078	 -3.1728	  0.0000
  2.2379	  1.3676	 -0.0025	 -3.2357	  0.0000
  2.3622	  1.3676	 -0.0035	 -3.1706	  0.0000
  2.4865	  1.3676	 -0.0538	 -2.9326	  1.0000
  2.6109	  1.3676	 -0.0874	 -2.8635	  1.0000
  2.7352	  1.3676	 -0.1424	 -2.7874	  1.0000
  2.8595	  1.3676	 -0.1912	 -2.7160	  1.0000
  2.9838	  1.3676	 -0.2457	 -2.6552	  1.0000
  3.1082	  1.3676	 -0.1623	 -2.4377	  0.0000
  3.2325	  1.3676	 -0.3525	 -2.4155	  0.0000
  3.3568	  1.3676	 -0.3563	 -2.6238	  1.0000
  3.4811	  1.3676	 -0.3811	 -2.6574	  1.0000
  3.6055	  1.3676	 -0.3748	 -2.6986	  1.0000
  3.7298	  1.3676	 -0.3522	 -2.7191	  1.0000
  3.8541	  1.3676	 -0.3214	 -2.7284	  1.0000
  3.9785	  1.3676	 -0.2810	 -2.7310	  1.0000
  4.1028	  1.3676	 -0.2296	 -2.7151	  1.0000
  4.2271	  1.3676	 -0.1783	 -2.6988	  1.0000
  4.3514	  1.3676	 -0.1383	 -2.6739	  1.0000
  4.4758	  1.3676	 -0.1094	 -2.6507	  1.0000
  4.6001	  1.3676	 -0.1061	 -2.5607	  0.0000
  4.7244	  1.3676	 -0.1546	 -2.5400	  0.0000
  4.8487	  1.3676	 -0.0589	 -2.6284	  1.0000
  4.9731	  1.3676	 -0.0549	 -2.6352	  1.0000
  5.0974	  1.3676	 -0.0458	 -2.6463	  1.0000
  0.1243	  1.4919	  0.0380	 -2.9858	  1.0000
  0.2487	  1.4919	  0.0380	 -2.9855	  1.0000
  0.3730	  1.4919	  0.0382	 -2.9883	  1.0000
  0.4973	  1.4919	  0.0379	 -2.9878	  1.0000
  0.6216	  1.4919	  0.0407	 -2.9804	  1.0000
  0.7460	  1.4919	  0.0462	 -2.9634	  1.0000
  0.8703	  1.4919	  0.0500	 -2.9516	  1.0000
  0.9946	  1.4919	  0.0510	 -2.9380	  1.0000
  1.1189	  1.4919	  0.0473	 -2.9324	  1.0000
  1.2433	  1.4919	  0.0308	 -2.9403	  1.0000
  1.3676	  1.4919	 -0.0022	 -2.9657	  1.0000
  1.4919	  1.4919	 -0.0577	 -2.9995	  1.0000
  1.6162	  1.4919	 -0.2877	 -3.1217	  0.0000
  1.7406	  1.4919	 -0.4430	 -3.1806	  0.0000
  1.8649	  1.4919	 -0.1055	 -3.0491	  1.0000
  1.9892	  1.4919	 -0.1139	 -3.0973	  0.0000
  2.1136	  1.4919	 -0.1220	 -3.0553	  0.0000
  2.2379	  1.4919	 -0.0286	 -3.0915	  0.0000
  2.3622	  1.4919	  0.0894	 -3.0772	  0.0000
  2.4865	  1.4919	 -0.0509	 -2.9243	  1.0000
  2.6109	  1.4919	 -0.0846	 -2.8539	  1.0000
  2.7352	  1.4919	 -0.1418	 -2.7759	  1.0000
  2.8595	  1.4919	 -0.1983	 -2.7041	  1.0000
  2.9838	  1.4919	 -0.2566	 -2.6385	  1.0000
  3.1082	  1.4919	 -0.3060	 -2.5982	  1.0000
  3.2325	  1.4919	 -0.4389	 -2.4637	  0.0000
  3.3568	  1.4919	 -0.5155	 -2.4714	  0.0000
  3.4811	  1.4919	 -0.3808	 -2.5945	  1.0000
  3.6055	  1.4919	 -0.3690	 -2.6267	  1.0000
  3.7298	  1.4919	 -0.3466	 -2.6483	  1.0000
  3.8541	  1.4919	 -0.3210	 -2.6604	  1.0000
  3.9785	  1.4919	 -0.2797	 -2.6673	  1.0000
  4.1028	  1.4919	 -0.2288	 -2.6762	  1.0000
  4.2271	  1.4919	 -0.1756	 -2.6731	  1.0000
  4.3514	  1.4919	 -0.1295	 -2.6529	  1.0000
  4.4758	  1.4919	 -0.0915	 -2.6329	  1.0000
  4.6001	  1.4919	 -0.0584	 -2.5306	  0.0000
  4.7244	  1.4919	 -0.0825	 -2.5658	  0.0000
  4.8487	  1.4919	 -0.1023	 -2.6815	  0.0000
  4.9731	  1.4919	 -0.0316	 -2.6119	  1.0000
  5.0974	  1.4919	 -0.0224	 -2.6248	  1.0000
  0.1243	  1.6162	  0.0392	 -2.9529	  1.0000
  0.2487	  1.6162	  0.0387	 -2.9532	  1.0000
  0.3730	  1.6162	  0.0391	 -2.9555	  1.0000
  0.4973	  1.6162	  0.0369	 -2.9573	  1.0000
  0.6216	  1.6162	  0.0368	 -2.9538	  1.0000
  0.7460	  1.6162	  0.0380	 -2.9430	  1.0000
  0.8703	  1.6162	  0.0369	 -2.9387	  1.0000
  0.9946	  1.6162	  0.0667	 -2.7857	  0.0000
  1.1189	  1.6162	  0.0250	 -2.9366	  1.0000
  1.2433	  1.6162	  0.0082	 -2.9498	  1.0000
  1.3676	  1.6162	 -0.0180	 -2.9831	  1.0000
  1.4919	  1.6162	 -0.0645	 -3.0203	  1.0000
  1.6162	  1.6162	 -0.0848	 -3.0370	  1.0000
  1.7406	  1.6162	 -0.0997	 -3.0482	  1.0000
  1.8649	  1.6162	 -0.1013	 -3.0544	  1.0000
  1.9892	  1.6162	 -0.0912	 -3.0480	  1.0000
  2.1136	  1.6162	 -0.0458	 -3.0265	  1.0000
  2.2379	  1.6162	 -0.0766	 -2.9913	  0.0000
  2.3622	  1.6162	  0.1173	 -3.0232	  0.0000
  2.4865	  1.6162	  0.1528	 -2.9620	  0.0000
  2.6109	  1.6162	 -0.0828	 -2.8382	  1.0000
  2.7352	  1.6162	 -0.1505	 -2.7633	  1.0000
  2.8595	  1.6162	 -0.2151	 -2.6917	  1.0000
  2.9838	  1.6162	 -0.2798	 -2.6216	  1.0000
  3.1082	  1.6162	 -0.3295	 -2.5791	  1.0000
  3.2325	  1.6162	 -0.4245	 -2.5033	  0.0000
  3.3568	  1.6162	 -0.3769	 -2.5502	  1.0000
  3.4811	  1.6162	 -0.3840	 -2.5596	  1.0000
  3.6055	  1.6162	 -0.4549	 -2.5669	  0.0000
  3.7298	  1.6162	 -0.4051	 -2.6515	  0.0000
  3.8541	  1.6162	 -0.3247	 -2.6196	  1.0000
  3.9785	  1.6162	 -0.2841	 -2.6292	  1.0000
  4.1028	  1.6162	 -0.2324	 -2.6425	  1.0000
  4.2271	  1.6162	 -0.1751	 -2.6451	  1.0000
  4.3514	  1.6162	 -0.1233	 -2.6281	  1.0000
  4.4758	  1.6162	  0.0397	 -2.6893	  0.0000
  4.6001	  1.6162	 -0.0189	 -2.5683	  0.0000
  4.7244	  1.6162	 -0.0144	 -2.5734	  0.0000
  4.8487	  1.6162	 -0.0004	 -2.6350	  0.0000
  4.9731	  1.6162	  0.0530	 -2.6462	  0.0000
  5.0974	  1.6162	 -0.0093	 -2.5955	  1.0000
  0.1243	  1.7406	  0.0412	 -2.9170	  1.0000
  0.2487	  1.7406	  0.0400	 -2.9179	  1.0000
  0.3730	  1.7406	  0.0388	 -2.9185	  1.0000
  0.4973	  1.7406	  0.0366	 -2.9189	  1.0000
  0.6216	  1.7406	  0.0339	 -2.9196	  1.0000
  0.7460	  1.7406	  0.0316	 -2.9148	  1.0000
  0.8703	  1.7406	  0.0267	 -2.9181	  1.0000
  0.9946	  1.7406	  0.0194	 -2.9243	  1.0000
  1.1189	  1.7406	  0.0086	 -2.9370	  1.0000
  1.2433	  1.7406	 -0.0070	 -2.9539	  1.0000
  1.3676	  1.7406	 -0.0298	 -2.9877	  1.0000
  1.4919	  1.7406	 -0.0559	 -3.0129	  1.0000
  1.6162	  1.7406	 -0.0709	 -3.0240	  1.0000
  1.7406	  1.7406	 -0.0816	 -3.0280	  1.0000
  1.8649	  1.7406	 -0.0837	 -3.0218	  1.0000
  1.9892	  1.7406	 -0.0754	 -3.0007	  1.0000
  2.1136	  1.7406	 -0.0480	 -2.9767	  1.0000
  2.2379	  1.7406	 -0.0349	 -2.9500	  1.0000
  2.3622	  1.7406	 -0.0362	 -2.9106	  1.0000
  2.4865	  1.7406	 -0.0519	 -2.8637	  1.0000
  2.6109	  1.7406	 -0.0827	 -2.8070	  1.0000
  2.7352	  1.7406	 -0.1471	 -2.7428	  1.0000
  2.8595	  1.7406	 -0.2144	 -2.6815	  1.0000
  2.9838	  1.7406	 -0.2806	 -2.6167	  1.0000
  3.1082	  1.7406	 -0.3994	 -2.5493	  0.0000
  3.2325	  1.7406	 -0.3598	 -2.5508	  1.0000
  3.3568	  1.7406	 -0.3720	 -2.5421	  1.0000
  3.4811	  1.7406	 -0.3747	 -2.5416	  1.0000
  3.6055	  1.7406	 -0.3568	 -2.5677	  1.0000
  3.7298	  1.7406	 -0.4085	 -2.3616	  0.0000
  3.8541	  1.7406	 -0.3233	 -2.5944	  1.0000
  3.9785	  1.7406	 -0.2868	 -2.5805	  0.0000
  4.1028	  1.7406	 -0.3272	 -2.5706	  0.0000
  4.2271	  1.7406	 -0.1718	 -2.6282	  1.0000
  4.3514	  1.7406	 -0.0470	 -2.7230	  0.0000
  4.4758	  1.7406	  0.0091	 -2.6595	  0.0000
  4.6001	  1.7406	  0.0256	 -2.5613	  0.0000
  4.7244	  1.7406	  0.0377	 -2.5339	  0.0000
  4.8487	  1.7406	  0.0630	 -2.5704	  0.0000
  4.9731	  1.7406	  0.0840	 -2.5674	  0.0000
  5.0974	  1.7406	 -0.0047	 -2.5740	  1.0000
  0.1243	  1.8649	  0.0463	 -2.8795	  1.0000
  0.2487	  1.8649	  0.0443	 -2.8811	  1.0000
  0.3730	  1.8649	  0.0420	 -2.8830	  1.0000
  0.4973	  1.8649	  0.0377	 -2.8861	  1.0000
  0.6216	  1.8649	  0.0325	 -2.8908	  1.0000
  0.7460	  1.8649	  0.0274	 -2.8914	  1.0000
  0.8703	  1.8649	  0.0197	 -2.9012	  1.0000
  0.9946	  1.8649	  0.0104	 -2.9135	  1.0000
  1.1189	  1.8649	 -0.0005	 -2.9306	  1.0000
  1.2433	  1.8649	 -0.0135	 -2.9494	  1.0000
  1.3676	  1.8649	 -0.0241	 -2.9784	  1.0000
  1.4919	  1.8649	 -0.0337	 -2.9935	  1.0000
  1.6162	  1.8649	  0.0638	 -3.1495	  0.0000
  1.7406	  1.8649	  0.0727	 -3.0996	  0.0000
  1.8649	  1.8649	 -0.0535	 -2.9717	  1.0000
  1.9892	  1.8649	 -0.0554	 -2.9471	  1.0000
  2.1136	  1.8649	 -0.0472	 -2.9227	  1.0000
  2.2379	  1.8649	 -0.0348	 -2.8989	  1.0000
  2.3622	  1.8649	 -0.0375	 -2.8690	  1.0000
  2.4865	  1.8649	 -0.0545	 -2.8260	  1.0000
  2.6109	  1.8649	 -0.0816	 -2.7754	  1.0000
  2.7352	  1.8649	 -0.1361	 -2.7185	  1.0000
  2.8595	  1.8649	 -0.1975	 -2.6608	  1.0000
  2.9838	  1.8649	 -0.4963	 -2.6492	  0.0000
  3.1082	  1.8649	 -0.4719	 -2.5582	  0.0000
  3.2325	  1.8649	 -0.4587	 -2.4558	  0.0000
  3.3568	  1.8649	 -0.3339	 -2.5413	  1.0000
  3.4811	  1.8649	 -0.3424	 -2.5412	  1.0000
  3.6055	  1.8649	 -0.3343	 -2.5632	  1.0000
  3.7298	  1.8649	 -0.3309	 -2.5761	  1.0000
  3.8541	  1.8649	 -0.3213	 -2.5845	  1.0000
  3.9785	  1.8649	 -0.2904	 -2.5949	  1.0000
  4.1028	  1.8649	 -0.3142	 -2.5084	  0.0000
  4.2271	  1.8649	 -0.1753	 -2.6168	  1.0000
  4.3514	  1.8649	 -0.1150	 -2.6108	  1.0000
  4.4758	  1.8649	 -0.0316	 -2.6209	  0.0000
  4.6001	  1.8649	  0.0288	 -2.5582	  0.0000
  4.7244	  1.8649	  0.0180	 -2.5478	  0.0000
  4.8487	  1.8649	  0.0244	 -2.4985	  0.0000
  4.9731	  1.8649	 -0.0187	 -2.5161	  0.0000
  5.0974	  1.8649	 -0.0143	 -2.5084	  0.0000
  0.1243	  1.9892	  0.0529	 -2.8406	  1.0000
  0.2487	  1.9892	  0.0498	 -2.8428	  1.0000
  0.3730	  1.9892	  0.0464	 -2.8458	  1.0000
  0.4973	  1.9892	  0.0399	 -2.8515	  1.0000
  0.6216	  1.9892	  0.0328	 -2.8601	  1.0000
  0.7460	  1.9892	  0.0245	 -2.8713	  1.0000
  0.8703	  1.9892	  0.0150	 -2.8867	  1.0000
  0.9946	  1.9892	  0.0048	 -2.9039	  1.0000
  1.1189	  1.9892	 -0.0111	 -2.9363	  1.0000
  1.2433	  1.9892	 -0.0221	 -2.9548	  1.0000
  1.3676	  1.9892	 -0.0283	 -2.9753	  1.0000
  1.4919	  1.9892	 -0.0339	 -2.9848	  1.0000
  1.6162	  1.9892	 -0.0423	 -2.9799	  1.0000
  1.7406	  1.9892	 -0.0422	 -2.9504	  1.0000
  1.8649	  1.9892	 -0.0430	 -2.9325	  1.0000
  1.9892	  1.9892	 -0.0448	 -2.9057	  1.0000
  2.1136	  1.9892	 -0.0453	 -2.8789	  1.0000
  2.2379	  1.9892	 -0.0435	 -2.8547	  1.0000
  2.3622	  1.9892	 -0.0475	 -2.8280	  1.0000
  2.4865	  1.9892	 -0.0615	 -2.7888	  1.0000
  2.6109	  1.9892	 -0.0850	 -2.7406	  1.0000
  2.7352	  1.9892	 -0.1257	 -2.6899	  1.0000
  2.8595	  1.9892	 -0.1632	 -2.6335	  1.0000
  2.9838	  1.9892	 -0.2069	 -2.5831	  1.0000
  3.1082	  1.9892	 -0.2376	 -2.5530	  1.0000
  3.2325	  1.9892	 -0.3851	 -2.4285	  0.0000
  3.3568	  1.9892	 -0.2767	 -2.5364	  1.0000
  3.4811	  1.9892	 -0.2991	 -2.5448	  1.0000
  3.6055	  1.9892	 -0.3065	 -2.5692	  1.0000
  3.7298	  1.9892	 -0.3185	 -2.5863	  1.0000
  3.8541	  1.9892	 -0.3253	 -2.5946	  1.0000
  3.9785	  1.9892	 -0.3123	 -2.6012	  1.0000
  4.1028	  1.9892	 -0.2636	 -2.6152	  1.0000
  4.2271	  1.9892	 -0.2056	 -2.6118	  1.0000
  4.3514	  1.9892	 -0.0536	 -2.5988	  0.0000
  4.4758	  1.9892	 -0.0205	 -2.6227	  0.0000
  4.6001	  1.9892	 -0.0295	 -2.5851	  1.0000
  4.7244	  1.9892	  0.0213	 -2.6192	  0.0000
  4.8487	  1.9892	 -0.0053	 -2.5500	  1.0000
  4.9731	  1.9892	 -0.0304	 -2.5203	  0.0000
  5.0974	  1.9892	 -0.0549	 -2.5140	  0.0000
  0.1243	  2.1136	  0.0700	 -2.8041	  1.0000
  0.2487	  2.1136	  0.0655	 -2.8069	  1.0000
  0.3730	  2.1136	  0.0599	 -2.8108	  1.0000
  0.4973	  2.1136	  0.0499	 -2.8187	  1.0000
  0.6216	  2.1136	  0.0401	 -2.8302	  1.0000
  0.7460	  2.1136	  0.0292	 -2.8447	  1.0000
  0.8703	  2.1136	  0.0176	 -2.8637	  1.0000
  0.9946	  2.1136	  0.0067	 -2.8838	  1.0000
  1.1189	  2.1136	 -0.0090	 -2.9169	  1.0000
  1.2433	  2.1136	 -0.0187	 -2.9341	  1.0000
  1.3676	  2.1136	 -0.0231	 -2.9517	  1.0000
  1.4919	  2.1136	 -0.0261	 -2.9560	  1.0000
  1.6162	  2.1136	 -0.0323	 -2.9457	  1.0000
  1.7406	  2.1136	 -0.0913	 -2.9175	  0.0000
  1.8649	  2.1136	 -0.0883	 -2.8207	  0.0000
  1.9892	  2.1136	 -0.0637	 -2.7242	  0.0000
  2.1136	  2.1136	 -0.0389	 -2.8393	  1.0000
  2.2379	  2.1136	 -0.0342	 -2.8273	  1.0000
  2.3622	  2.1136	 -0.0397	 -2.8031	  1.0000
  2.4865	  2.1136	 -0.0516	 -2.7658	  1.0000
  2.6109	  2.1136	 -0.0702	 -2.7183	  1.0000
  2.7352	  2.1136	 -0.0919	 -2.6602	  1.0000
  2.8595	  2.1136	 -0.1107	 -2.5938	  1.0000
  2.9838	  2.1136	 -0.1383	 -2.5494	  1.0000
  3.1082	  2.1136	 -0.1586	 -2.5285	  1.0000
  3.2325	  2.1136	 -0.1828	 -2.5218	  1.0000
  3.3568	  2.1136	 -0.2062	 -2.5353	  1.0000
  3.4811	  2.1136	 -0.2455	 -2.5607	  1.0000
  3.6055	  2.1136	 -0.2666	 -2.5883	  1.0000
  3.7298	  2.1136	 -0.3443	 -2.5912	  0.0000
  3.8541	  2.1136	 -0.3119	 -2.6156	  1.0000
  3.9785	  2.1136	 -0.3074	 -2.6206	  1.0000
  4.1028	  2.1136	 -0.2702	 -2.6200	  1.0000
  4.2271	  2.1136	 -0.2196	 -2.6117	  1.0000
  4.3514	  2.1136	 -0.1578	 -2.6006	  1.0000
  4.4758	  2.1136	 -0.0412	 -2.5668	  0.0000
  4.6001	  2.1136	  0.0184	 -2.6040	  0.0000
  4.7244	  2.1136	 -0.0267	 -2.5665	  1.0000
  4.8487	  2.1136	 -0.0211	 -2.5520	  1.0000
  4.9731	  2.1136	  0.0019	 -2.4982	  0.0000
  5.0974	  2.1136	 -0.0302	 -2.5180	  0.0000
  0.1243	  2.2379	  0.0854	 -2.7640	  1.0000
  0.2487	  2.2379	  0.0693	 -2.7646	  1.0000
  0.3730	  2.2379	  0.0654	 -2.7708	  1.0000
  0.4973	  2.2379	  0.0515	 -2.7799	  1.0000
  0.6216	  2.2379	  0.0389	 -2.7931	  1.0000
  0.7460	  2.2379	  0.0309	 -2.8135	  1.0000
  0.8703	  2.2379	  0.0268	 -2.8376	  1.0000
  0.9946	  2.2379	  0.0149	 -2.8588	  1.0000
  1.1189	  2.2379	 -0.0012	 -2.8911	  1.0000
  1.2433	  2.2379	 -0.0110	 -2.9063	  1.0000
  1.3676	  2.2379	 -0.1562	 -3.2337	  0.0000
  1.4919	  2.2379	 -0.0260	 -2.9112	  1.0000
  1.6162	  2.2379	 -0.0312	 -2.8976	  1.0000
  1.7406	  2.2379	 -0.0292	 -2.8622	  1.0000
  1.8649	  2.2379	 -0.0314	 -2.8415	  1.0000
  1.9892	  2.2379	 -0.0320	 -2.8215	  1.0000
  2.1136	  2.2379	 -0.0327	 -2.8032	  1.0000
  2.2379	  2.2379	 -0.0241	 -2.7992	  1.0000
  2.3622	  2.2379	 -0.0319	 -2.7768	  1.0000
  2.4865	  2.2379	 -0.0435	 -2.7405	  1.0000
  2.6109	  2.2379	 -0.0584	 -2.6927	  1.0000
  2.7352	  2.2379	 -0.0629	 -2.6338	  1.0000
  2.8595	  2.2379	 -0.0718	 -2.5644	  1.0000
  2.9838	  2.2379	 -0.0832	 -2.5281	  1.0000
  3.1082	  2.2379	  0.0746	 -2.3930	  0.0000
  3.2325	  2.2379	 -0.0764	 -2.5251	  0.0000
  3.3568	  2.2379	 -0.1353	 -2.5447	  1.0000
  3.4811	  2.2379	 -0.1856	 -2.5751	  1.0000
  3.6055	  2.2379	 -0.2162	 -2.5996	  1.0000
  3.7298	  2.2379	 -0.3508	 -2.6779	  0.0000
  3.8541	  2.2379	 -0.3631	 -2.7014	  0.0000
  3.9785	  2.2379	 -0.4282	 -2.7306	  0.0000
  4.1028	  2.2379	 -0.4447	 -2.6542	  0.0000
  4.2271	  2.2379	 -0.3852	 -2.5815	  0.0000
  4.3514	  2.2379	 -0.1628	 -2.6100	  1.0000
  4.4758	  2.2379	 -0.1139	 -2.5367	  0.0000
  4.6001	  2.2379	 -0.0884	 -2.5948	  0.0000
  4.7244	  2.2379	 -0.0379	 -2.5741	  1.0000
  4.8487	  2.2379	 -0.0313	 -2.5622	  1.0000
  4.9731	  2.2379	 -0.0286	 -2.5537	  1.0000
  5.0974	  2.2379	 -0.0331	 -2.5026	  0.0000
  0.1243	  2.3622	  0.1456	 -2.7384	  1.0000
  0.2487	  2.3622	  0.1215	 -2.7385	  1.0000
  0.3730	  2.3622	  0.1113	 -2.7444	  1.0000
  0.4973	  2.3622	  0.0930	 -2.7532	  1.0000
  0.6216	  2.3622	  0.0622	 -2.7654	  1.0000
  0.7460	  2.3622	  0.0507	 -2.7852	  1.0000
  0.8703	  2.3622	  0.0439	 -2.8078	  1.0000
  0.9946	  2.3622	  0.0308	 -2.8269	  1.0000
  1.1189	  2.3622	  0.0140	 -2.8562	  1.0000
  1.2433	  2.3622	  0.0038	 -2.8677	  1.0000
  1.3676	  2.3622	 -0.0041	 -2.8731	  1.0000
  1.4919	  2.3622	 -0.0110	 -2.8675	  1.0000
  1.6162	  2.3622	 -0.0164	 -2.8532	  1.0000
  1.7406	  2.3622	 -0.0149	 -2.8187	  1.0000
  1.8649	  2.3622	 -0.0186	 -2.8004	  1.0000
  1.9892	  2.3622	 -0.0215	 -2.7840	  1.0000
  2.1136	  2.3622	 -0.0258	 -2.7686	  1.0000
  2.2379	  2.3622	 -0.0208	 -2.7693	  1.0000
  2.3622	  2.3622	 -0.0322	 -2.7489	  1.0000
  2.4865	  2.3622	  0.0874	 -2.9482	  0.0000
  2.6109	  2.3622	 -0.0655	 -2.6520	  1.0000
  2.7352	  2.3622	 -0.0743	 -2.5846	  1.0000
  2.8595	  2.3622	 -0.0761	 -2.5159	  1.0000
  2.9838	  2.3622	  0.1987	 -2.2729	  0.0000
  3.1082	  2.3622	  0.2036	 -2.3823	  0.0000
  3.2325	  2.3622	  0.0598	 -2.5431	  0.0000
  3.3568	  2.3622	 -0.0394	 -2.6132	  0.0000
  3.4811	  2.3622	 -0.1448	 -2.5816	  1.0000
  3.6055	  2.3622	 -0.1830	 -2.6036	  1.0000
  3.7298	  2.3622	 -0.2279	 -2.6196	  1.0000
  3.8541	  2.3622	 -0.2475	 -2.6667	  0.0000
  3.9785	  2.3622	 -0.3369	 -2.6701	  0.0000
  4.1028	  2.3622	 -0.3753	 -2.6396	  0.0000
  4.2271	  2.3622	 -0.2095	 -2.6264	  1.0000
  4.3514	  2.3622	 -0.1538	 -2.6149	  1.0000
  4.4758	  2.3622	 -0.0990	 -2.6076	  1.0000
  4.6001	  2.3622	 -0.0594	 -2.5978	  1.0000
  4.7244	  2.3622	 -0.0363	 -2.5803	  1.0000
  4.8487	  2.3622	 -0.0301	 -2.5685	  1.0000
  4.9731	  2.3622	 -0.0313	 -2.5615	  1.0000
  5.0974	  2.3622	 -0.0332	 -2.5495	  1.0000
  0.1243	  2.4865	  0.1881	 -2.7176	  1.0000
  0.2487	  2.4865	  0.1623	 -2.7173	  1.0000
  0.3730	  2.4865	  0.0078	 -2.6128	  0.0000
  0.4973	  2.4865	 -0.1186	 -2.6402	  0.0000
  0.6216	  2.4865	  0.0927	 -2.7405	  1.0000
  0.7460	  2.4865	  0.0776	 -2.7580	  1.0000
  0.8703	  2.4865	  0.0677	 -2.7770	  1.0000
  0.9946	  2.4865	  0.0529	 -2.7921	  1.0000
  1.1189	  2.4865	  0.0347	 -2.8167	  1.0000
  1.2433	  2.4865	  0.0238	 -2.8235	  1.0000
  1.3676	  2.4865	  0.0157	 -2.8251	  1.0000
  1.4919	  2.4865	  0.0127	 -2.8160	  1.0000
  1.6162	  2.4865	  0.0109	 -2.8043	  1.0000
  1.7406	  2.4865	  0.0120	 -2.7768	  1.0000
  1.8649	  2.4865	  0.0059	 -2.7625	  1.0000
  1.9892	  2.4865	 -0.0007	 -2.7499	  1.0000
  2.1136	  2.4865	 -0.0145	 -2.7402	  1.0000
  2.2379	  2.4865	 -0.0193	 -2.7413	  1.0000
  2.3622	  2.4865	 -0.0444	 -2.7169	  1.0000
  2.4865	  2.4865	  0.1034	 -2.8183	  0.0000
  2.6109	  2.4865	 -0.0850	 -2.6244	  1.0000
  2.7352	  2.4865	 -0.0926	 -2.5606	  1.0000
  2.8595	  2.4865	 -0.0906	 -2.4959	  1.0000
  2.9838	  2.4865	 -0.0749	 -2.4751	  1.0000
  3.1082	  2.4865	 -0.0660	 -2.4763	  1.0000
  3.2325	  2.4865	 -0.0594	 -2.5063	  1.0000
  3.3568	  2.4865	  0.0672	 -2.6332	  0.0000
  3.4811	  2.4865	  0.0433	 -2.6741	  0.0000
  3.6055	  2.4865	 -0.1557	 -2.6040	  1.0000
  3.7298	  2.4865	 -0.1995	 -2.6189	  1.0000
  3.8541	  2.4865	 -0.1609	 -2.5578	  0.0000
  3.9785	  2.4865	 -0.2428	 -2.6308	  1.0000
  4.1028	  2.4865	 -0.2220	 -2.6331	  1.0000
  4.2271	  2.4865	 -0.1859	 -2.6270	  1.0000
  4.3514	  2.4865	 -0.1858	 -2.6839	  0.0000
  4.4758	  2.4865	 -0.0861	 -2.6080	  1.0000
  4.6001	  2.4865	 -0.0529	 -2.5986	  1.0000
  4.7244	  2.4865	 -0.0372	 -2.5835	  1.0000
  4.8487	  2.4865	 -0.0389	 -2.5724	  1.0000
  4.9731	  2.4865	 -0.0424	 -2.5693	  1.0000
  5.0974	  2.4865	 -0.0463	 -2.5584	  1.0000
  0.1243	  2.6109	  0.2524	 -2.7088	  1.0000
  0.2487	  2.6109	  0.5860	 -2.7223	  0.0000
  0.3730	  2.6109	  0.2059	 -2.7106	  1.0000
  0.4973	  2.6109	  0.1796	 -2.7157	  1.0000
  0.6216	  2.6109	  0.1336	 -2.7213	  1.0000
  0.7460	  2.6109	  0.1136	 -2.7345	  1.0000
  0.8703	  2.6109	  0.0988	 -2.7477	  1.0000
  0.9946	  2.6109	  0.0801	 -2.7568	  1.0000
  1.1189	  2.6109	  0.0642	 -2.7630	  1.0000
  1.2433	  2.6109	  0.0517	 -2.7648	  1.0000
  1.3676	  2.6109	  0.0431	 -2.7632	  1.0000
  1.4919	  2.6109	  0.0417	 -2.7529	  1.0000
  1.6162	  2.6109	  0.0388	 -2.7459	  1.0000
  1.7406	  2.6109	  0.0334	 -2.7342	  1.0000
  1.8649	  2.6109	  0.0245	 -2.7240	  1.0000
  1.9892	  2.6109	  0.0134	 -2.7148	  1.0000
  2.1136	  2.6109	 -0.0085	 -2.7085	  1.0000
  2.2379	  2.6109	 -0.0194	 -2.7090	  1.0000
  2.3622	  2.6109	 -0.0600	 -2.6863	  1.0000
  2.4865	  2.6109	 -0.0814	 -2.6984	  0.0000
  2.6109	  2.6109	 -0.1157	 -2.5997	  1.0000
  2.7352	  2.6109	 -0.1239	 -2.5409	  1.0000
  2.8595	  2.6109	 -0.2736	 -2.1468	  0.0000
  2.9838	  2.6109	 -0.3267	 -2.2268	  0.0000
  3.1082	  2.6109	 -0.0829	 -2.4755	  1.0000
  3.2325	  2.6109	 -0.0704	 -2.5069	  1.0000
  3.3568	  2.6109	 -0.0812	 -2.5470	  1.0000
  3.4811	  2.6109	 -0.1100	 -2.5755	  1.0000
  3.6055	  2.6109	 -0.1364	 -2.5937	  1.0000
  3.7298	  2.6109	 -0.1705	 -2.6036	  1.0000
  3.8541	  2.6109	 -0.2013	 -2.6117	  1.0000
  3.9785	  2.6109	 -0.2032	 -2.6189	  1.0000
  4.1028	  2.6109	 -0.1856	 -2.6204	  1.0000
  4.2271	  2.6109	 -0.1539	 -2.6175	  1.0000
  4.3514	  2.6109	 -0.0646	 -2.6711	  0.0000
  4.4758	  2.6109	 -0.0015	 -2.6582	  0.0000
  4.6001	  2.6109	  0.0558	 -2.5879	  0.0000
  4.7244	  2.6109	  0.0091	 -2.6815	  0.0000
  4.8487	  2.6109	 -0.0422	 -2.5625	  1.0000
  4.9731	  2.6109	 -0.0463	 -2.5616	  1.0000
  5.0974	  2.6109	 -0.0455	 -2.5532	  1.0000
  0.1243	  2.7352	  0.2981	 -2.7022	  1.0000
  0.2487	  2.7352	  0.2681	 -2.6995	  1.0000
  0.3730	  2.7352	  0.2512	 -2.7018	  1.0000
  0.4973	  2.7352	  0.2243	 -2.7042	  1.0000
  0.6216	  2.7352	  0.1760	 -2.7058	  1.0000
  0.7460	  2.7352	  0.1525	 -2.7141	  1.0000
  0.8703	  2.7352	  0.1336	 -2.7210	  1.0000
  0.9946	  2.7352	  0.1100	 -2.7234	  1.0000
  1.1189	  2.7352	  0.0913	 -2.7165	  1.0000
  1.2433	  2.7352	  0.0752	 -2.7131	  1.0000
  1.3676	  2.7352	  0.0706	 -2.7067	  1.0000
  1.4919	  2.7352	  0.0720	 -2.6948	  1.0000
  1.6162	  2.7352	  0.0690	 -2.6898	  1.0000
  1.7406	  2.7352	  0.1097	 -2.6239	  0.0000
  1.8649	  2.7352	  0.0972	 -2.6646	  0.0000
  1.9892	  2.7352	  0.0224	 -2.6499	  0.0000
  2.1136	  2.7352	 -0.0003	 -2.6753	  1.0000
  2.2379	  2.7352	 -0.0227	 -2.6683	  1.0000
  2.3622	  2.7352	 -0.0757	 -2.6507	  1.0000
  2.4865	  2.7352	 -0.1117	 -2.6239	  1.0000
  2.6109	  2.7352	 -0.3251	 -2.5469	  0.0000
  2.7352	  2.7352	 -0.1632	 -2.5353	  1.0000
  2.8595	  2.7352	 -0.1718	 -2.5006	  1.0000
  2.9838	  2.7352	 -0.1444	 -2.4853	  1.0000
  3.1082	  2.7352	 -0.1245	 -2.4883	  1.0000
  3.2325	  2.7352	 -0.1074	 -2.5173	  1.0000
  3.3568	  2.7352	 -0.1041	 -2.5472	  1.0000
  3.4811	  2.7352	 -0.1181	 -2.5688	  1.0000
  3.6055	  2.7352	 -0.1344	 -2.5853	  1.0000
  3.7298	  2.7352	 -0.1577	 -2.5957	  1.0000
  3.8541	  2.7352	 -0.1794	 -2.6026	  1.0000
  3.9785	  2.7352	 -0.1773	 -2.6058	  1.0000
  4.1028	  2.7352	 -0.1583	 -2.6043	  1.0000
  4.2271	  2.7352	 -0.1038	 -2.6547	  0.0000
  4.3514	  2.7352	 -0.0195	 -2.5921	  0.0000
  4.4758	  2.7352	  0.0530	 -2.5760	  0.0000
  4.6001	  2.7352	  0.0203	 -2.5463	  0.0000
  4.7244	  2.7352	 -0.0527	 -2.5897	  0.0000
  4.8487	  2.7352	 -0.0659	 -2.6057	  0.0000
  4.9731	  2.7352	 -0.0458	 -2.5509	  1.0000
  5.0974	  2.7352	 -0.1338	 -2.5445	  0.0000
  0.1243	  2.8595	  0.3509	 -2.7071	  1.0000
  0.2487	  2.8595	  0.5084	 -2.7436	  0.0000
  0.3730	  2.8595	  0.3109	 -2.7051	  1.0000
  0.4973	  2.8595	  0.2850	 -2.7049	  1.0000
  0.6216	  2.8595	  0.2358	 -2.7028	  1.0000
  0.7460	  2.8595	  0.2038	 -2.7020	  1.0000
  0.8703	  2.8595	  0.1710	 -2.6992	  1.0000
  0.9946	  2.8595	  0.1383	 -2.6917	  1.0000
  1.1189	  2.8595	  0.1127	 -2.6786	  1.0000
  1.2433	  2.8595	  0.0909	 -2.6704	  1.0000
  1.3676	  2.8595	  0.0828	 -2.6610	  1.0000
  1.4919	  2.8595	  0.0822	 -2.6492	  1.0000
  1.6162	  2.8595	  0.0818	 -2.6492	  1.0000
  1.7406	  2.8595	  0.1256	 -2.6207	  0.0000
  1.8649	  2.8595	  0.0468	 -2.7189	  0.0000
  1.9892	  2.8595	  0.0427	 -2.6454	  1.0000
  2.1136	  2.8595	  0.0095	 -2.6444	  1.0000
  2.2379	  2.8595	 -0.0227	 -2.6340	  1.0000
  2.3622	  2.8595	 -0.0784	 -2.6199	  1.0000
  2.4865	  2.8595	 -0.1171	 -2.5987	  1.0000
  2.6109	  2.8595	 -0.3684	 -2.5585	  0.0000
  2.7352	  2.8595	 -0.2958	 -2.5133	  0.0000
  2.8595	  2.8595	 -0.1704	 -2.5070	  1.0000
  2.9838	  2.8595	 -0.1460	 -2.4952	  1.0000
  3.1082	  2.8595	 -0.1345	 -2.4915	  1.0000
  3.2325	  2.8595	 -0.1326	 -2.5087	  1.0000
  3.3568	  2.8595	 -0.1282	 -2.5348	  1.0000
  3.4811	  2.8595	 -0.1395	 -2.5531	  1.0000
  3.6055	  2.8595	 -0.1541	 -2.5706	  1.0000
  3.7298	  2.8595	 -0.1693	 -2.5856	  1.0000
  3.8541	  2.8595	 -0.1800	 -2.5964	  1.0000
  3.9785	  2.8595	 -0.1770	 -2.5979	  1.0000
  4.1028	  2.8595	 -0.2964	 -2.6574	  0.0000
  4.2271	  2.8595	 -0.1583	 -2.6094	  0.0000
  4.3514	  2.8595	 -0.0610	 -2.4990	  0.0000
  4.4758	  2.8595	 -0.0438	 -2.5129	  0.0000
  4.6001	  2.8595	 -0.0935	 -2.4998	  0.0000
  4.7244	  2.8595	 -0.1276	 -2.4996	  0.0000
  4.8487	  2.8595	 -0.0471	 -2.4894	  0.0000
  4.9731	  2.8595	  0.0162	 -2.4947	  0.0000
  5.0974	  2.8595	 -0.0497	 -2.5566	  0.0000
  0.1243	  2.9838	  0.3600	 -2.7050	  1.0000
  0.2487	  2.9838	  0.3474	 -2.7035	  1.0000
  0.3730	  2.9838	  0.3326	 -2.7020	  1.0000
  0.4973	  2.9838	  0.3096	 -2.6998	  1.0000
  0.6216	  2.9838	  0.2757	 -2.6953	  1.0000
  0.7460	  2.9838	  0.2508	 -2.6887	  1.0000
  0.8703	  2.9838	  0.2144	 -2.6811	  1.0000
  0.9946	  2.9838	  0.1683	 -2.6680	  1.0000
  1.1189	  2.9838	  0.1282	 -2.6498	  1.0000
  1.2433	  2.9838	  0.0995	 -2.6378	  1.0000
  1.3676	  2.9838	  0.1274	 -2.4507	  0.0000
  1.4919	  2.9838	  0.0759	 -2.6155	  1.0000
  1.6162	  2.9838	  0.2245	 -2.5725	  0.0000
  1.7406	  2.9838	  0.1734	 -2.5702	  0.0000
  1.8649	  2.9838	  0.0762	 -2.6181	  1.0000
  1.9892	  2.9838	  0.0560	 -2.6166	  1.0000
  2.1136	  2.9838	  0.0240	 -2.6162	  1.0000
  2.2379	  2.9838	 -0.0081	 -2.6054	  1.0000
  2.3622	  2.9838	 -0.0639	 -2.5946	  1.0000
  2.4865	  2.9838	 -0.1033	 -2.5791	  1.0000
  2.6109	  2.9838	 -0.2964	 -2.6085	  0.0000
  2.7352	  2.9838	 -0.2122	 -2.5664	  0.0000
  2.8595	  2.9838	 -0.1753	 -2.5529	  0.0000
  2.9838	  2.9838	 -0.1228	 -2.5272	  1.0000
  3.1082	  2.9838	 -0.1179	 -2.5201	  1.0000
  3.2325	  2.9838	 -0.1339	 -2.5194	  1.0000
  3.3568	  2.9838	 -0.1443	 -2.5296	  1.0000
  3.4811	  2.9838	 -0.1307	 -2.5575	  0.0000
  3.6055	  2.9838	 -0.1501	 -2.6026	  0.0000
  3.7298	  2.9838	 -0.1773	 -2.5857	  1.0000
  3.8541	  2.9838	 -0.1905	 -2.5992	  1.0000
  3.9785	  2.9838	 -0.1720	 -2.5988	  0.0000
  4.1028	  2.9838	 -0.1359	 -2.5845	  0.0000
  4.2271	  2.9838	 -0.0757	 -2.5275	  0.0000
  4.3514	  2.9838	 -0.0661	 -2.5042	  0.0000
  4.4758	  2.9838	 -0.1341	 -2.5417	  0.0000
  4.6001	  2.9838	 -0.1766	 -2.4673	  0.0000
  4.7244	  2.9838	 -0.1007	 -2.4053	  0.0000
  4.8487	  2.9838	 -0.0020	 -2.5264	  1.0000
  4.9731	  2.9838	  0.0084	 -2.5371	  1.0000
  5.0974	  2.9838	 -0.0254	 -2.5755	  0.0000
  0.1243	  3.1082	  0.3868	 -2.7056	  1.0000
  0.2487	  3.1082	  0.3756	 -2.7036	  1.0000
  0.3730	  3.1082	  0.3630	 -2.7015	  1.0000
  0.4973	  3.1082	  0.3434	 -2.6978	  1.0000
  0.6216	  3.1082	  0.3179	 -2.6929	  1.0000
  0.7460	  3.1082	  0.3003	 -2.6856	  1.0000
  0.8703	  3.1082	  0.2585	 -2.6742	  1.0000
  0.9946	  3.1082	  0.1986	 -2.6566	  1.0000
  1.1189	  3.1082	  0.1502	 -2.6358	  1.0000
  1.2433	  3.1082	  0.0273	 -2.5326	  0.0000
  1.3676	  3.1082	  0.0686	 -2.6034	  1.0000
  1.4919	  3.1082	  0.0633	 -2.5936	  1.0000
  1.6162	  3.1082	  0.0754	 -2.5960	  1.0000
  1.7406	  3.1082	  0.0803	 -2.5997	  1.0000
  1.8649	  3.1082	  0.0779	 -2.5974	  1.0000
  1.9892	  3.1082	  0.0660	 -2.5986	  1.0000
  2.1136	  3.1082	  0.0412	 -2.5949	  1.0000
  2.2379	  3.1082	  0.0154	 -2.5837	  1.0000
  2.3622	  3.1082	 -0.0311	 -2.5755	  1.0000
  2.4865	  3.1082	 -0.0701	 -2.5645	  1.0000
  2.6109	  3.1082	 -0.0856	 -2.5588	  1.0000
  2.7352	  3.1082	 -0.1011	 -2.5528	  1.0000
  2.8595	  3.1082	  0.0439	 -2.6176	  0.0000
  2.9838	  3.1082	 -0.1132	 -2.5352	  1.0000
  3.1082	  3.1082	 -0.1150	 -2.5289	  1.0000
  3.2325	  3.1082	 -0.1370	 -2.5273	  1.0000
  3.3568	  3.1082	 -0.1521	 -2.4580	  0.0000
  3.4811	  3.1082	 -0.2004	 -2.4999	  0.0000
  3.6055	  3.1082	 -0.1688	 -2.5696	  1.0000
  3.7298	  3.1082	 -0.1821	 -2.5898	  1.0000
  3.8541	  3.1082	 -0.1931	 -2.6040	  1.0000
  3.9785	  3.1082	 -0.2611	 -2.5673	  0.0000
  4.1028	  3.1082	 -0.1889	 -2.5576	  0.0000
  4.2271	  3.1082	 -0.1768	 -2.5497	  0.0000
  4.3514	  3.1082	 -0.1126	 -2.5602	  1.0000
  4.4758	  3.1082	 -0.0631	 -2.5323	  1.0000
  4.6001	  3.1082	 -0.0273	 -2.5223	  1.0000
  4.7244	  3.1082	  0.1049	 -2.3996	  0.0000
  4.8487	  3.1082	  0.0461	 -2.5424	  1.0000
  4.9731	  3.1082	  0.0700	 -2.5577	  1.0000
  5.0974	  3.1082	  0.0831	 -2.5833	  1.0000
  0.1243	  3.2325	  0.3914	 -2.7025	  1.0000
  0.2487	  3.2325	  0.3844	 -2.7008	  1.0000
  0.3730	  3.2325	  0.3759	 -2.6988	  1.0000
  0.4973	  3.2325	  0.3602	 -2.6944	  1.0000
  0.6216	  3.2325	  0.3443	 -2.6900	  1.0000
  0.7460	  3.2325	  0.3273	 -2.6812	  1.0000
  0.8703	  3.2325	  0.2838	 -2.6687	  1.0000
  0.9946	  3.2325	  0.4295	 -2.6062	  0.0000
  1.1189	  3.2325	  0.1608	 -2.6259	  1.0000
  1.2433	  3.2325	 -0.0713	 -2.5962	  0.0000
  1.3676	  3.2325	 -0.0996	 -2.5862	  0.0000
  1.4919	  3.2325	  0.0558	 -2.5825	  1.0000
  1.6162	  3.2325	  0.0707	 -2.5828	  1.0000
  1.7406	  3.2325	  0.0796	 -2.5849	  1.0000
  1.8649	  3.2325	  0.0836	 -2.5807	  1.0000
  1.9892	  3.2325	  0.0863	 -2.5784	  1.0000
  2.1136	  3.2325	  0.0704	 -2.5722	  1.0000
  2.2379	  3.2325	  0.0497	 -2.5636	  1.0000
  2.3622	  3.2325	  0.0163	 -2.5506	  1.0000
  2.4865	  3.2325	 -0.0172	 -2.5438	  1.0000
  2.6109	  3.2325	 -0.0423	 -2.5445	  1.0000
  2.7352	  3.2325	 -0.0629	 -2.5449	  1.0000
  2.8595	  3.2325	  0.1200	 -2.5779	  0.0000
  2.9838	  3.2325	  0.0047	 -2.6089	  0.0000
  3.1082	  3.2325	 -0.1101	 -2.5387	  1.0000
  3.2325	  3.2325	 -0.2484	 -2.4260	  0.0000
  3.3568	  3.2325	 -0.1836	 -2.4659	  0.0000
  3.4811	  3.2325	 -0.1663	 -2.5584	  1.0000
  3.6055	  3.2325	 -0.1725	 -2.5783	  1.0000
  3.7298	  3.2325	 -0.1844	 -2.5989	  1.0000
  3.8541	  3.2325	 -0.1902	 -2.6107	  1.0000
  3.9785	  3.2325	 -0.3061	 -2.6597	  0.0000
  4.1028	  3.2325	 -0.3058	 -2.6712	  0.0000
  4.2271	  3.2325	 -0.1397	 -2.5982	  1.0000
  4.3514	  3.2325	 -0.1040	 -2.5770	  1.0000
  4.4758	  3.2325	 -0.0538	 -2.5567	  1.0000
  4.6001	  3.2325	  0.0591	 -2.3827	  0.0000
  4.7244	  3.2325	  0.1695	 -2.4780	  0.0000
  4.8487	  3.2325	  0.0815	 -2.5817	  1.0000
  4.9731	  3.2325	  0.1118	 -2.5983	  1.0000
  5.0974	  3.2325	  0.1277	 -2.6253	  1.0000
  0.1243	  3.3568	  0.4051	 -2.7023	  1.0000
  0.2487	  3.3568	  0.3991	 -2.7005	  1.0000
  0.3730	  3.3568	  0.3922	 -2.6985	  1.0000
  0.4973	  3.3568	  0.3788	 -2.6940	  1.0000
  0.6216	  3.3568	  0.3645	 -2.6894	  1.0000
  0.7460	  3.3568	  0.3477	 -2.6801	  1.0000
  0.8703	  3.3568	  0.4794	 -2.7150	  0.0000
  0.9946	  3.3568	  0.4395	 -2.7029	  0.0000
  1.1189	  3.3568	  0.1129	 -2.6155	  0.0000
  1.2433	  3.3568	 -0.0755	 -2.5892	  0.0000
  1.3676	  3.3568	  0.0580	 -2.6110	  1.0000
  1.4919	  3.3568	  0.0412	 -2.6015	  1.0000
  1.6162	  3.3568	 -0.0236	 -2.5021	  0.0000
  1.7406	  3.3568	  0.0697	 -2.5859	  1.0000
  1.8649	  3.3568	  0.0807	 -2.5752	  1.0000
  1.9892	  3.3568	  0.1016	 -2.5687	  1.0000
  2.1136	  3.3568	  0.1058	 -2.5590	  1.0000
  2.2379	  3.3568	  0.0917	 -2.5494	  1.0000
  2.3622	  3.3568	  0.0655	 -2.5289	  1.0000
  2.4865	  3.3568	  0.0294	 -2.5237	  1.0000
  2.6109	  3.3568	 -0.0107	 -2.5282	  1.0000
  2.7352	  3.3568	 -0.0469	 -2.5327	  1.0000
  2.8595	  3.3568	 -0.0738	 -2.5361	  1.0000
  2.9838	  3.3568	 -0.0996	 -2.5514	  1.0000
  3.1082	  3.3568	 -0.1138	 -2.5527	  1.0000
  3.2325	  3.3568	 -0.1368	 -2.5536	  1.0000
  3.3568	  3.3568	 -0.1559	 -2.5643	  1.0000
  3.4811	  3.3568	 -0.1685	 -2.5809	  1.0000
  3.6055	  3.3568	 -0.1699	 -2.5997	  1.0000
  3.7298	  3.3568	 -0.1823	 -2.6175	  1.0000
  3.8541	  3.3568	 -0.1866	 -2.6298	  1.0000
  3.9785	  3.3568	 -0.1786	 -2.6332	  1.0000
  4.1028	  3.3568	 -0.1557	 -2.6316	  1.0000
  4.2271	  3.3568	 -0.1628	 -2.7229	  0.0000
  4.3514	  3.3568	 -0.0940	 -2.6082	  1.0000
  4.4758	  3.3568	 -0.0377	 -2.5953	  1.0000
  4.6001	  3.3568	 -0.0100	 -2.5356	  0.0000
  4.7244	  3.3568	  0.1075	 -2.6216	  0.0000
  4.8487	  3.3568	  0.1047	 -2.6178	  1.0000
  4.9731	  3.3568	  0.3469	 -2.7360	  0.0000
  5.0974	  3.3568	  0.3739	 -2.7268	  0.0000
  0.1243	  3.4811	  0.4105	 -2.7020	  1.0000
  0.2487	  3.4811	  0.4051	 -2.7001	  1.0000
  0.3730	  3.4811	  0.3990	 -2.6981	  1.0000
  0.4973	  3.4811	  0.3868	 -2.6935	  1.0000
  0.6216	  3.4811	  0.3751	 -2.6893	  1.0000
  0.7460	  3.4811	  0.3627	 -2.6800	  1.0000
  0.8703	  3.4811	  0.3170	 -2.6679	  1.0000
  0.9946	  3.4811	  0.2436	 -2.6500	  1.0000
  1.1189	  3.4811	  0.1763	 -2.6436	  1.0000
  1.2433	  3.4811	  0.0566	 -2.5733	  0.0000
  1.3676	  3.4811	  0.0532	 -2.6158	  1.0000
  1.4919	  3.4811	  0.0357	 -2.6057	  1.0000
  1.6162	  3.4811	  0.0512	 -2.6000	  1.0000
  1.7406	  3.4811	  0.0688	 -2.5833	  1.0000
  1.8649	  3.4811	  0.0835	 -2.5698	  1.0000
  1.9892	  3.4811	  0.1127	 -2.5624	  1.0000
  2.1136	  3.4811	  0.1235	 -2.5515	  1.0000
  2.2379	  3.4811	  0.3158	 -2.4972	  0.0000
  2.3622	  3.4811	  0.0882	 -2.5175	  1.0000
  2.4865	  3.4811	  0.0502	 -2.5130	  1.0000
  2.6109	  3.4811	  0.0281	 -2.3552	  0.0000
  2.7352	  3.4811	 -0.0424	 -2.5245	  1.0000
  2.8595	  3.4811	 -0.0737	 -2.5305	  1.0000
  2.9838	  3.4811	 -0.1034	 -2.5513	  1.0000
  3.1082	  3.4811	 -0.1186	 -2.5576	  1.0000
  3.2325	  3.4811	 -0.1351	 -2.5645	  1.0000
  3.3568	  3.4811	 -0.1562	 -2.5763	  1.0000
  3.4811	  3.4811	 -0.1240	 -2.6012	  0.0000
  3.6055	  3.4811	 -0.1675	 -2.6136	  1.0000
  3.7298	  3.4811	 -0.2298	 -2.6237	  0.0000
  3.8541	  3.4811	 -0.1835	 -2.6428	  1.0000
  3.9785	  3.4811	 -0.1732	 -2.6481	  1.0000
  4.1028	  3.4811	 -0.1480	 -2.6475	  1.0000
  4.2271	  3.4811	 -0.1242	 -2.6384	  1.0000
  4.3514	  3.4811	 -0.0891	 -2.6241	  1.0000
  4.4758	  3.4811	 -0.0333	 -2.6159	  1.0000
  4.6001	  3.4811	 -0.0431	 -2.6705	  0.0000
  4.7244	  3.4811	  0.0385	 -2.6812	  0.0000
  4.8487	  3.4811	  0.1475	 -2.6914	  0.0000
  4.9731	  3.4811	  0.2687	 -2.8059	  0.0000
  5.0974	  3.4811	  0.1730	 -2.6739	  1.0000
  0.1243	  3.6055	  0.4160	 -2.7021	  1.0000
  0.2487	  3.6055	  0.4109	 -2.7002	  1.0000
  0.3730	  3.6055	  0.4052	 -2.6982	  1.0000
  0.4973	  3.6055	  0.3937	 -2.6937	  1.0000
  0.6216	  3.6055	  0.3852	 -2.6903	  1.0000
  0.7460	  3.6055	  0.3658	 -2.6841	  1.0000
  0.8703	  3.6055	  0.3186	 -2.6726	  1.0000
  0.9946	  3.6055	  0.2489	 -2.6549	  1.0000
  1.1189	  3.6055	  0.1880	 -2.6527	  1.0000
  1.2433	  3.6055	  0.1198	 -2.6431	  1.0000
  1.3676	  3.6055	  0.0676	 -2.7849	  0.0000
  1.4919	  3.6055	  0.0211	 -2.7056	  0.0000
  1.6162	  3.6055	  0.0553	 -2.6057	  1.0000
  1.7406	  3.6055	  0.0663	 -2.5840	  1.0000
  1.8649	  3.6055	  0.0849	 -2.5668	  1.0000
  1.9892	  3.6055	  0.1252	 -2.5582	  1.0000
  2.1136	  3.6055	  0.1438	 -2.5460	  1.0000
  2.2379	  3.6055	  0.2805	 -2.5309	  0.0000
  2.3622	  3.6055	  0.3344	 -2.5211	  0.0000
  2.4865	  3.6055	  0.0705	 -2.5010	  1.0000
  2.6109	  3.6055	 -0.0448	 -2.3637	  0.0000
  2.7352	  3.6055	 -0.1569	 -2.5333	  0.0000
  2.8595	  3.6055	 -0.2613	 -2.5746	  0.0000
  2.9838	  3.6055	 -0.1181	 -2.5553	  1.0000
  3.1082	  3.6055	 -0.1491	 -2.5520	  0.0000
  3.2325	  3.6055	 -0.1423	 -2.6616	  0.0000
  3.3568	  3.6055	 -0.1155	 -2.6550	  0.0000
  3.4811	  3.6055	 -0.1612	 -2.6166	  1.0000
  3.6055	  3.6055	 -0.2285	 -2.7092	  0.0000
  3.7298	  3.6055	 -0.1431	 -2.7119	  0.0000
  3.8541	  3.6055	 -0.0800	 -2.7161	  0.0000
  3.9785	  3.6055	 -0.1558	 -2.6549	  1.0000
  4.1028	  3.6055	 -0.1275	 -2.6556	  1.0000
  4.2271	  3.6055	 -0.1049	 -2.6470	  1.0000
  4.3514	  3.6055	  0.0516	 -2.7310	  0.0000
  4.4758	  3.6055	 -0.0398	 -2.6484	  1.0000
  4.6001	  3.6055	 -0.1183	 -2.7221	  0.0000
  4.7244	  3.6055	  0.0626	 -2.6624	  1.0000
  4.8487	  3.6055	  0.1194	 -2.6783	  1.0000
  4.9731	  3.6055	  0.0255	 -2.6529	  0.0000
  5.0974	  3.6055	  0.1949	 -2.6979	  1.0000
